shape_id,shape_pt_lat,shape_pt_lon,shape_pt_sequence
1107D110,-1.1475474263558056,36.95934589759823,0
1107D110,-1.1475777626,36.9594722986,1
1107D110,-1.14784598351,36.9595366716,2
1107D110,-1.14794790745,36.9591718912,3
1107D110,-1.14837706089,36.9592899084,4
1107D110,-1.148151,36.960327,5
1107D110,-1.148151,36.960327,6
1107D110,-1.148097,36.960423,7
1107D110,-1.148134,36.960537,8
1107D110,-1.148229,36.96059,9
1107D110,-1.148336,36.960567,10
1107D110,-1.148395,36.960464,11
1107D110,-1.148371,36.960365,12
1107D110,-1.148734,36.958633,13
1107D110,-1.148662,36.957706,14
1107D110,-1.14993810654,36.9512915611,15
1107D110,-1.1499273777,36.950712204,16
1107D110,-1.14972352982,36.9492208958,17
1107D110,-1.14951968193,36.947439909,18
1107D110,-1.149425,36.946667,19
1107D110,-1.14943,36.946251,20
1107D110,-1.14962697029,36.9455516338,21
1107D110,-1.15061402321,36.9425904751,22
1107D110,-1.150869,36.941582,23
1107D110,-1.15102171898,36.9374406338,24
1107D110,-1.15110754967,36.9353699684,25
1107D110,-1.1516225338,36.9315290451,26
1107D110,-1.15180492401,36.930295229,27
1107D110,-1.15182638168,36.9292974472,28
1107D110,-1.15167617798,36.9278597832,29
1107D110,-1.15140795708,36.926625967,30
1107D110,-1.150674,36.92363,31
1107D110,-1.15066,36.923218,32
1107D110,-1.150721,36.922935,33
1107D110,-1.15215,36.919857,34
1107D110,-1.15215,36.919857,35
1107D110,-1.152559,36.919975,36
1107D110,-1.152823,36.920116,37
1107D110,-1.15294754505,36.9202208519,38
1107D110,-1.153165,36.920574,39
1107D110,-1.154922,36.92609,40
1107D110,-1.154922,36.92609,41
1107D110,-1.154798,36.926189,42
1107D110,-1.15478754044,36.9263792038,43
1107D110,-1.15488,36.926487,44
1107D110,-1.15505576134,36.9265079498,45
1107D110,-1.155197,36.926357,46
1107D110,-1.155159,36.926163,47
1107D110,-1.158797,36.923309,48
1107D110,-1.15960478783,36.9227206707,49
1107D110,-1.159979,36.922527,50
1107D110,-1.16023778915,36.9223988056,51
1107D110,-1.1614716053,36.9217550755,52
1107D110,-1.16389095783,36.9207036495,53
1107D110,-1.16637468338,36.9196522236,54
1107D110,-1.16707742214,36.9193571806,55
1107D110,-1.16784453392,36.9189977646,56
1107D110,-1.16853654385,36.9186061621,57
1107D110,-1.16999566555,36.9176888466,58
1107D110,-1.17168009281,36.9165247679,59
1107D110,-1.17772579193,36.9123351574,60
1107D110,-1.17827832699,36.9119650126,61
1107D110,-1.17901861668,36.9114071131,62
1107D110,-1.18044018745,36.9102537632,63
1107D110,-1.182092,36.908825,64
1107D110,-1.18287563324,36.9082581997,65
1107D110,-1.183703,36.907768,66
1107D110,-1.18418455124,36.9074910879,67
1107D110,-1.184769,36.907238,68
1107D110,-1.18526279926,36.9070726633,69
1107D110,-1.18553102016,36.9070190191,70
1107D110,-1.18571341038,36.9070672989,71
1107D110,-1.18583142757,36.907094121,72
1107D110,-1.18597626686,36.907029748,73
1107D110,-1.18603527546,36.9069170952,74
1107D110,-1.18602454662,36.906734705,75
1107D110,-1.18645,36.906677,76
1107D110,-1.187505126,36.906439662,77
1107D110,-1.18958115578,36.906208992,78
1107D110,-1.18991374969,36.9061714411,79
1107D110,-1.19058966637,36.906080246,80
1107D110,-1.19153916836,36.9057905674,81
1107D110,-1.19234383106,36.9054794312,82
1107D110,-1.19297146797,36.9051629305,83
1107D110,-1.19391560555,36.9045943022,84
1107D110,-1.194468,36.904045,85
1107D110,-1.194895,36.903553,86
1107D110,-1.1951816082,36.9031727314,87
1107D110,-1.19560539722,36.9025611877,88
1107D110,-1.197921,36.898308,89
1107D110,-1.20044946671,36.8942570686,90
1107D110,-1.20275616646,36.8901157379,91
1107D110,-1.21102809906,36.8747520447,92
1107D110,-1.21128022671,36.8742853403,93
1107D110,-1.21257841587,36.8718338013,94
1107D110,-1.2140160799,36.8692052364,95
1107D110,-1.21466517448,36.8678534031,96
1107D110,-1.214876,36.86705,97
1107D110,-1.21498703957,36.8659436703,98
1107D110,-1.21504604816,36.8643987179,99
1107D110,-1.21515870094,36.8595707417,100
1107D110,-1.215241,36.85289,101
1107D110,-1.2153,36.852123,102
1107D110,-1.2154430151,36.8508321047,103
1107D110,-1.21554493904,36.8508481979,104
1107D110,-1.21566832066,36.8508481979,105
1107D110,-1.21574342251,36.8507945538,106
1107D110,-1.21576488018,36.8506282568,107
1107D110,-1.215714,36.85051,108
1107D110,-1.21555566788,36.8504565954,109
1107D110,-1.216269,36.847809,110
1107D110,-1.21637,36.847267,111
1107D110,-1.216458,36.846275,112
1107D110,-1.216424,36.845028,113
1107D110,-1.215711236,36.8385261297,114
1107D110,-1.21568977833,36.8375015259,115
1107D110,-1.21575951576,36.8357044458,116
1107D110,-1.21575951576,36.8347012997,117
1107D110,-1.21581852436,36.8328398466,118
1107D110,-1.21603,36.830585,119
1107D110,-1.216291,36.82832,120
1107D110,-1.21644079685,36.826107502,121
1107D110,-1.21649444103,36.8253779411,122
1107D110,-1.216487,36.823296,123
1107D110,-1.2164247036,36.8217730522,124
1107D110,-1.216177,36.818897,125
1107D110,-1.215871,36.816803,126
1107D110,-1.21552348137,36.8149602413,127
1107D110,-1.215015,36.81282,128
1107D110,-1.21426,36.8102,129
1107D110,-1.21343,36.807961,130
1107D110,-1.21276080608,36.8063181639,131
1107D110,-1.212011,36.804676,132
1107D110,-1.211201,36.803097,133
1107D110,-1.20951533318,36.7999237776,134
1107D110,-1.20811522007,36.7973220348,135
1107D110,-1.207921,36.796944,136
1107D110,-1.207609,36.79649,137
1107D110,-1.20729982853,36.7953640223,138
1107D110,-1.20704233646,36.7942160368,139
1107D110,-1.20681166649,36.7929768562,140
1107D110,-1.20653808117,36.7917752266,141
1107D110,-1.20636105537,36.7912387848,142
1107D110,-1.20617330074,36.7907130718,143
1107D110,-1.20550274849,36.7894846201,144
1107D110,-1.20503604412,36.7884814739,145
1107D110,-1.20484292507,36.7879933119,146
1107D110,-1.20469272137,36.7874729633,147
1107D110,-1.20448350906,36.7865180969,148
1107D110,-1.20441913605,36.7858958244,149
1107D110,-1.20442450047,36.785466671,150
1107D110,-1.20440840721,36.7847371101,151
1107D110,-1.20449960232,36.7837607861,152
1107D110,-1.20476782322,36.7825376987,153
1107D110,-1.20517015457,36.7810463905,154
1107D110,-1.20533108711,36.7801988125,155
1107D110,-1.20542764664,36.7800539732,156
1107D110,-1.20558857918,36.7799735069,157
1107D110,-1.20581388474,36.7800056934,158
1107D110,-1.20599091053,36.780102253,159
1107D110,-1.20611965656,36.7802900076,160
1107D110,-1.20665073395,36.7823445797,161
1107D110,-1.20676338673,36.7835301161,162
1107D110,-1.20681166649,36.7844259739,163
1107D110,-1.20686531067,36.7849087715,164
1107D110,-1.20696187019,36.7853271961,165
1107D110,-1.2071366942148098,36.7858530801747,166
1107D111,-1.207140315889919,36.78585211240547,0
1107D111,-1.20708525181,36.7856919765,1
1107D111,-1.20691359043,36.7853164673,2
1107D111,-1.20676875114,36.7845869064,3
1107D111,-1.20668292046,36.7833316326,4
1107D111,-1.20650053024,36.7821460962,5
1107D111,-1.20628595352,36.7810302973,6
1107D111,-1.20606601238,36.7803812027,7
1107D111,-1.20589971542,36.7798179388,8
1107D111,-1.20576024055,36.7793619633,9
1107D111,-1.2056851387,36.7793029547,10
1107D111,-1.205534935,36.7792654037,11
1107D111,-1.20541155338,36.7793405056,12
1107D111,-1.20530426502,36.779447794,13
1107D111,-1.20530426502,36.779871583,14
1107D111,-1.20520234108,36.7803704739,15
1107D111,-1.2049716711,36.7813682556,16
1107D111,-1.20466053486,36.7825269699,17
1107D111,-1.20440840721,36.783669591,18
1107D111,-1.20430111885,36.7843133211,19
1107D111,-1.2042850256,36.7852199078,20
1107D111,-1.20432794094,36.7859977484,21
1107D111,-1.20448887348,36.7869579792,22
1107D111,-1.20465517044,36.7877733707,23
1107D111,-1.20492875576,36.7884922028,24
1107D111,-1.20518088341,36.7890125513,25
1107D111,-1.205542,36.789581,26
1107D111,-1.20610356331,36.7907184362,27
1107D111,-1.20650053024,36.7917913198,28
1107D111,-1.20668292046,36.792794466,29
1107D111,-1.20704770088,36.7945325375,30
1107D111,-1.20718717575,36.7951333523,31
1107D111,-1.20733737946,36.7956376076,32
1107D111,-1.20752513409,36.7962008715,33
1107D111,-1.207498312,36.7963564396,34
1107D111,-1.20755195618,36.7964744568,35
1107D111,-1.20763242245,36.7965441942,36
1107D111,-1.20776116848,36.7966353893,37
1107D111,-1.20792746544,36.7970269918,38
1107D111,-1.20820641518,36.7976760864,39
1107D111,-1.20845317841,36.7980891466,40
1107D111,-1.21118366718,36.8031316996,41
1107D111,-1.21199369431,36.8047517538,42
1107D111,-1.21343,36.807961,43
1107D111,-1.21424674988,36.8102395535,44
1107D111,-1.215015,36.81282,45
1107D111,-1.21553421021,36.8150299788,46
1107D111,-1.21587753296,36.8169558048,47
1107D111,-1.21619403362,36.8191444874,48
1107D111,-1.21639251709,36.8218964338,49
1107D111,-1.21644616127,36.8233931065,50
1107D111,-1.21647834778,36.8250024319,51
1107D111,-1.216291,36.82832,52
1107D111,-1.21603,36.830585,53
1107D111,-1.21551811695,36.8335264921,54
1107D111,-1.21536254883,36.834551096,55
1107D111,-1.21528208256,36.8352216482,56
1107D111,-1.21529281139,36.8358063698,57
1107D111,-1.21551811695,36.8373835087,58
1107D111,-1.21562004089,36.8379360437,59
1107D111,-1.21562004089,36.8379360437,60
1107D111,-1.21644616127,36.8451780081,61
1107D111,-1.216458,36.846275,62
1107D111,-1.21637,36.847267,63
1107D111,-1.216158,36.848267,64
1107D111,-1.21570587158,36.8500328064,65
1107D111,-1.21563076973,36.8501830101,66
1107D111,-1.21552884579,36.850322485,67
1107D111,-1.215382,36.850445,68
1107D111,-1.215296,36.850613,69
1107D111,-1.215342,36.850758,70
1107D111,-1.21544837952,36.8509876728,71
1107D111,-1.21529281139,36.8529134989,72
1107D111,-1.21505141258,36.864683032,73
1107D111,-1.21499240398,36.8659704924,74
1107D111,-1.214876,36.86705,75
1107D111,-1.214595,36.868015,76
1107D111,-1.21393024921,36.869328618,77
1107D111,-1.21114075184,36.8744945526,78
1107D111,-1.21075451374,36.8752241135,79
1107D111,-1.20701551437,36.8821442127,80
1107D111,-1.20023488998,36.8947291374,81
1107D111,-1.19870066643,36.8970680237,82
1107D111,-1.19718790054,36.8995571136,83
1107D111,-1.19534254074,36.9028937817,84
1107D111,-1.194895,36.903553,85
1107D111,-1.194468,36.904045,86
1107D111,-1.193981,36.904503,87
1107D111,-1.19313,36.90509,88
1107D111,-1.192574,36.905411,89
1107D111,-1.191478,36.905861,90
1107D111,-1.190759,36.906059,91
1107D111,-1.18835270405,36.9063860178,92
1107D111,-1.18711,36.906544,93
1107D111,-1.186094,36.906792,94
1107D111,-1.18596553802,36.906697154,95
1107D111,-1.1858,36.906677,96
1107D111,-1.18567585945,36.9066810608,97
1107D111,-1.185566,36.906757,98
1107D111,-1.185514,36.906891,99
1107D111,-1.185265,36.907059,100
1107D111,-1.184769,36.907238,101
1107D111,-1.183703,36.907768,102
1107D111,-1.182092,36.908825,103
1107D111,-1.17892742157,36.9114285707,104
1107D111,-1.17775797844,36.9122493267,105
1107D111,-1.17481827736,36.9143038988,106
1107D111,-1.17083787918,36.9170612097,107
1107D111,-1.16848826408,36.918643713,108
1107D111,-1.167737,36.919098,109
1107D111,-1.16612792015,36.9198024273,110
1107D111,-1.16373538971,36.9207841158,111
1107D111,-1.16143941879,36.921749711,112
1107D111,-1.15996420383,36.9225007296,113
1107D111,-1.15636467934,36.9251453876,114
1107D111,-1.15548491478,36.9259285927,115
1107D111,-1.1551630497,36.9261270761,116
1107D111,-1.155051,36.92609,117
1107D111,-1.154922,36.92609,118
1107D111,-1.15315675735,36.9203388691,119
1107D111,-1.15294754505,36.9201725721,120
1107D111,-1.1528134346,36.9200599194,121
1107D111,-1.152559,36.919975,122
1107D111,-1.15215,36.919857,123
1107D111,-1.15190684795,36.9203817844,124
1107D111,-1.15073204041,36.9228923321,125
1107D111,-1.15066,36.923218,126
1107D111,-1.150674,36.92363,127
1107D111,-1.15104317665,36.925252676,128
1107D111,-1.15146160126,36.9268405437,129
1107D111,-1.15167081356,36.927972436,130
1107D111,-1.15182101727,36.9292974472,131
1107D111,-1.15186393261,36.9298660755,132
1107D111,-1.1518317461,36.9304454327,133
1107D111,-1.15145623684,36.932939887,134
1107D111,-1.15115582943,36.9354504347,135
1107D111,-1.1508500576,36.9415873289,136
1107D111,-1.14945530891,36.9460880756,137
1107D111,-1.14940702915,36.9463777542,138
1107D111,-1.14941239357,36.9466513395,139
1107D111,-1.1497181654,36.9489634037,140
1107D111,-1.14997565746,36.9507390261,141
1107D111,-1.14995956421,36.9513291121,142
1107D111,-1.148341,36.959267,143
1107D111,-1.148341,36.959267,144
1107D111,-1.147874,36.959194,145
1107D111,-1.147874,36.959194,146
1107D111,-1.147791,36.959499,147
1107D111,-1.147791,36.959499,148
1107D111,-1.14763140678,36.9594615698,149
1107D111,-1.14765822887,36.9593167305,150
